Informar nome arquivo entrada : X=0	 Y=0	 Prioridade= 1
X=55	 Y=20	 Prioridade= 1
X=40	 Y=50	 Prioridade= 1
X=10	 Y=80	 Prioridade= 1
X=75	 Y=160	 Prioridade= 1
X=150	 Y=170	 Prioridade= 1
X=250	 Y=150	 Prioridade= 1
X=220	 Y=100	 Prioridade= 1
X=135	 Y=105	 Prioridade= 1
X=170	 Y=40	 Prioridade= 1
X=240	 Y=35	 Prioridade= 1

 maxima prioridade = 1

 Matriz com distancias
	0	1	2	3	4	5	6	7	8	9	10	min	max
0:	0	58	64	80	176	226	291	241	171	174	242	0	291
1:	58	0	33	75	141	177	234	183	116	116	185	0	234
2:	64	33	0	42	115	162	232	186	109	130	200	0	232
3:	80	75	42	0	103	166	250	210	127	164	234	0	250
4:	176	141	115	103	0	75	175	156	81	153	207	0	207
5:	226	177	162	166	75	0	101	98	66	131	162	0	226
6:	291	234	232	250	175	101	0	58	123	136	115	0	291
7:	241	183	186	210	156	98	58	0	85	78	68	0	241
8:	171	116	109	127	81	66	123	85	0	73	126	0	171
9:	174	116	130	164	153	131	136	78	73	0	70	0	174
10:	242	185	200	234	207	162	115	68	126	70	0	0	242

 Matriz com distancias normalizadas x maxima prioridade
	0	1	2	3	4	5	6	7	8	9	10	
0:	0.00	0.20	0.22	0.27	0.60	0.78	1.00	0.83	0.59	0.60	0.83	
1:	0.25	0.00	0.14	0.32	0.60	0.76	1.00	0.78	0.50	0.50	0.79	
2:	0.28	0.14	0.00	0.18	0.50	0.70	1.00	0.80	0.47	0.56	0.86	
3:	0.32	0.30	0.17	0.00	0.41	0.66	1.00	0.84	0.51	0.66	0.94	
4:	0.85	0.68	0.56	0.50	0.00	0.36	0.85	0.75	0.39	0.74	1.00	
5:	1.00	0.78	0.72	0.73	0.33	0.00	0.45	0.43	0.29	0.58	0.72	
6:	1.00	0.80	0.80	0.86	0.60	0.35	0.00	0.20	0.42	0.47	0.40	
7:	1.00	0.76	0.77	0.87	0.65	0.41	0.24	0.00	0.35	0.32	0.28	
8:	1.00	0.68	0.64	0.74	0.47	0.39	0.72	0.50	0.00	0.43	0.74	
9:	1.00	0.67	0.75	0.94	0.88	0.75	0.78	0.45	0.42	0.00	0.40	
10:	1.00	0.76	0.83	0.97	0.86	0.67	0.48	0.28	0.52	0.29	0.00	

 Matriz com indices Si prioridade do ponto / dist normalizada
	0	1	2	3	4	5	6	7	8	9	10	
0:	0.00	5.02	4.55	3.64	1.65	1.29	1.00	1.21	1.70	1.67	1.20	
1:	4.03	0.00	7.09	3.12	1.66	1.32	1.00	1.28	2.02	2.02	1.26	
2:	3.62	7.03	0.00	5.52	2.02	1.43	1.00	1.25	2.13	1.78	1.16	
3:	3.12	3.33	5.95	0.00	2.43	1.51	1.00	1.19	1.97	1.52	1.07	
4:	1.18	1.47	1.80	2.01	0.00	2.76	1.18	1.33	2.56	1.35	1.00	
5:	1.00	1.28	1.40	1.36	3.01	0.00	2.24	2.31	3.42	1.73	1.40	
6:	1.00	1.24	1.25	1.16	1.66	2.88	0.00	5.02	2.37	2.14	2.53	
7:	1.00	1.32	1.30	1.15	1.54	2.46	4.16	0.00	2.84	3.09	3.54	
8:	1.00	1.47	1.57	1.35	2.11	2.59	1.39	2.01	0.00	2.34	1.36	
9:	1.00	1.50	1.34	1.06	1.14	1.33	1.28	2.23	2.38	0.00	2.49	
10:	1.00	1.31	1.21	1.03	1.17	1.49	2.10	3.56	1.92	3.46	0.00	

Origem 	Destino    Distancia 	Distancia 	Distancia 	Distancia 	Status
 				Acumulada 	Retorno 	Total
   0	   1		 58	 658		 716		  1374		 <- ok
   1	   2		 33	 1291		 1355		  2646		 <- ok
   2	   3		 42	 1933		 2013		  3946		 <- ok
   3	   4		 103	 2636		 2812		  5448		 <- ok
   4	   5		 75	 3311		 3537		  6848		 <- ok
   5	   8		 66	 3977		 4148		  8125		 <- ok
   8	   9		 73	 4650		 4824		  9474
   9	   10		 70	 5320		 5562		  10882
   10	   7		 68	 5988		 6229		  12217
   7	   6		 58	 6646		 6937		  13583

 Caminho =  0 1 2 3 4 5 8